1000 1000
1 2
2 3
3 4
4 5
5 6
6 7
7 8
8 9
9 10
10 11
11 12
12 13
13 14
14 15
15 16
16 17
17 18
18 19
19 20
20 21
21 22
22 23
23 24
24 25
25 26
26 27
27 28
28 29
29 30
30 31
31 32
32 33
33 34
34 35
35 36
36 37
37 38
38 39
39 40
40 41
41 42
42 43
43 44
44 45
45 46
46 47
47 48
48 49
49 50
50 51
51 52
52 53
53 54
54 55
55 56
56 57
57 58
58 59
59 60
60 61
61 62
62 63
63 64
64 65
65 66
66 67
67 68
68 69
69 70
70 71
71 72
72 73
73 74
74 75
75 76
76 77
77 78
78 79
79 80
80 81
81 82
82 83
83 84
84 85
85 86
86 87
87 88
88 89
89 90
90 91
91 92
92 93
93 94
94 95
95 96
96 97
97 98
98 99
99 100
100 101
101 102
102 103
103 104
104 105
105 106
106 107
107 108
108 109
109 110
110 111
111 112
112 113
113 114
114 115
115 116
116 117
117 118
118 119
119 120
120 121
121 122
122 123
123 124
124 125
125 126
126 127
127 128
128 129
129 130
130 131
131 132
132 133
133 134
134 135
135 136
136 137
137 138
138 139
139 140
140 141
141 142
142 143
143 144
144 145
145 146
146 147
147 148
148 149
149 150
150 151
151 152
152 153
153 154
154 155
155 156
156 157
157 158
158 159
159 160
160 161
161 162
162 163
163 164
164 165
165 166
166 167
167 168
168 169
169 170
170 171
171 172
172 173
173 174
174 175
175 176
176 177
177 178
178 179
179 180
180 181
181 182
182 183
183 184
184 185
185 186
186 187
187 188
188 189
189 190
190 191
191 192
192 193
193 194
194 195
195 196
196 197
197 198
198 199
199 200
200 201
201 202
202 203
203 204
204 205
205 206
206 207
207 208
208 209
209 210
210 211
211 212
212 213
213 214
214 215
215 216
216 217
217 218
218 219
219 220
220 221
221 222
222 223
223 224
224 225
225 226
226 227
227 228
228 229
229 230
230 231
231 232
232 233
233 234
234 235
235 236
236 237
237 238
238 239
239 240
240 241
241 242
242 243
243 244
244 245
245 246
246 247
247 248
248 249
249 250
250 251
251 252
252 253
253 254
254 255
255 256
256 257
257 258
258 259
259 260
260 261
261 262
262 263
263 264
264 265
265 266
266 267
267 268
268 269
269 270
270 271
271 272
272 273
273 274
274 275
275 276
276 277
277 278
278 279
279 280
280 281
281 282
282 283
283 284
284 285
285 286
286 287
287 288
288 289
289 290
290 291
291 292
292 293
293 294
294 295
295 296
296 297
297 298
298 299
299 300
300 301
301 302
302 303
303 304
304 305
305 306
306 307
307 308
308 309
309 310
310 311
311 312
312 313
313 314
314 315
315 316
316 317
317 318
318 319
319 320
320 321
321 322
322 323
323 324
324 325
325 326
326 327
327 328
328 329
329 330
330 331
331 332
332 333
333 334
334 335
335 336
336 337
337 338
338 339
339 340
340 341
341 342
342 343
343 344
344 345
345 346
346 347
347 348
348 349
349 350
350 351
351 352
352 353
353 354
354 355
355 356
356 357
357 358
358 359
359 360
360 361
361 362
362 363
363 364
364 365
365 366
366 367
367 368
368 369
369 370
370 371
371 372
372 373
373 374
374 375
375 376
376 377
377 378
378 379
379 380
380 381
381 382
382 383
383 384
384 385
385 386
386 387
387 388
388 389
389 390
390 391
391 392
392 393
393 394
394 395
395 396
396 397
397 398
398 399
399 400
400 401
401 402
402 403
403 404
404 405
405 406
406 407
407 408
408 409
409 410
410 411
411 412
412 413
413 414
414 415
415 416
416 417
417 418
418 419
419 420
420 421
421 422
422 423
423 424
424 425
425 426
426 427
427 428
428 429
429 430
430 431
431 432
432 433
433 434
434 435
435 436
436 437
437 438
438 439
439 440
440 441
441 442
442 443
443 444
444 445
445 446
446 447
447 448
448 449
449 450
450 451
451 452
452 453
453 454
454 455
455 456
456 457
457 458
458 459
459 460
460 461
461 462
462 463
463 464
464 465
465 466
466 467
467 468
468 469
469 470
470 471
471 472
472 473
473 474
474 475
475 476
476 477
477 478
478 479
479 480
480 481
481 482
482 483
483 484
484 485
485 486
486 487
487 488
488 489
489 490
490 491
491 492
492 493
493 494
494 495
495 496
496 497
497 498
498 499
448 500
197 501
352 502
164 503
48 504
375 505
286 506
71 507
295 508
306 509
213 510
504 511
248 512
74 513
375 514
92 515
55 516
366 517
55 518
32 519
156 520
416 521
105 522
225 523
316 524
196 525
97 526
327 527
149 528
81 529
101 530
155 531
257 532
395 533
300 534
42 535
303 536
31 537
14 538
40 539
484 540
274 541
255 542
451 543
346 544
459 545
231 546
237 547
16 548
516 549
208 550
520 551
294 552
397 553
488 554
538 555
508 556
60 557
514 558
508 559
517 560
142 561
306 562
77 563
226 564
157 565
537 566
339 567
315 568
376 569
288 570
499 571
214 572
131 573
324 574
562 575
450 576
308 577
166 578
3 579
550 580
454 581
537 582
206 583
158 584
242 585
520 586
42 587
367 588
49 589
499 590
372 591
500 592
291 593
195 594
510 595
571 596
7 597
341 598
591 599
58 600
513 601
389 602
375 603
462 604
551 605
149 606
178 607
442 608
101 609
565 610
170 611
361 612
157 613
308 614
23 615
474 616
231 617
312 618
273 619
590 620
558 621
531 622
318 623
509 624
432 625
556 626
607 627
197 628
334 629
106 630
628 631
509 632
202 633
358 634
487 635
50 636
312 637
433 638
252 639
566 640
446 641
139 642
441 643
419 644
280 645
169 646
106 647
604 648
316 649
515 650
416 651
394 652
515 653
78 654
36 655
416 656
326 657
30 658
226 659
532 660
405 661
579 662
427 663
101 664
92 665
560 666
611 667
318 668
69 669
40 670
508 671
477 672
256 673
148 674
578 675
429 676
439 677
168 678
378 679
197 680
338 681
115 682
570 683
120 684
252 685
64 686
52 687
506 688
532 689
627 690
671 691
169 692
325 693
596 694
373 695
563 696
606 697
592 698
226 699
358 700
262 701
385 702
395 703
132 704
490 705
18 706
310 707
637 708
446 709
334 710
361 711
602 712
456 713
430 714
164 715
58 716
521 717
164 718
103 719
420 720
10 721
425 722
195 723
210 724
308 725
690 726
504 727
624 728
112 729
222 730
214 731
615 732
180 733
432 734
72 735
321 736
700 737
648 738
149 739
296 740
342 741
245 742
715 743
69 744
366 745
117 746
61 747
124 748
95 749
415 750
49 751
29 752
360 753
381 754
147 755
680 756
508 757
127 758
30 759
594 760
274 761
140 762
79 763
480 764
378 765
470 766
479 767
654 768
182 769
154 770
725 771
387 772
750 773
327 774
495 775
16 776
436 777
193 778
122 779
601 780
621 781
718 782
475 783
768 784
398 785
113 786
395 787
561 788
260 789
100 790
223 791
106 792
197 793
747 794
536 795
538 796
464 797
471 798
502 799
278 800
505 801
527 802
768 803
10 804
542 805
125 806
253 807
722 808
75 809
612 810
14 811
291 812
591 813
762 814
216 815
257 816
61 817
679 818
377 819
193 820
408 821
148 822
165 823
290 824
168 825
670 826
478 827
604 828
638 829
164 830
765 831
483 832
484 833
355 834
14 835
584 836
66 837
542 838
338 839
757 840
266 841
456 842
141 843
16 844
34 845
716 846
264 847
278 848
68 849
480 850
170 851
294 852
753 853
306 854
112 855
540 856
739 857
64 858
484 859
166 860
445 861
393 862
183 863
789 864
631 865
737 866
619 867
784 868
735 869
428 870
635 871
364 872
601 873
180 874
395 875
439 876
692 877
442 878
295 879
467 880
691 881
383 882
415 883
629 884
273 885
679 886
869 887
69 888
222 889
805 890
178 891
427 892
500 893
223 894
187 895
843 896
306 897
894 898
730 899
345 900
304 901
382 902
44 903
247 904
25 905
901 906
351 907
557 908
419 909
585 910
148 911
122 912
603 913
176 914
54 915
595 916
322 917
492 918
406 919
452 920
129 921
806 922
206 923
423 924
911 925
95 926
27 927
436 928
502 929
157 930
571 931
769 932
897 933
556 934
691 935
469 936
392 937
152 938
495 939
700 940
450 941
897 942
508 943
28 944
667 945
326 946
651 947
101 948
380 949
321 950
933 951
763 952
573 953
771 954
222 955
849 956
86 957
95 958
882 959
115 960
481 961
383 962
819 963
560 964
386 965
469 966
316 967
148 968
16 969
264 970
50 971
184 972
790 973
153 974
108 975
20 976
67 977
390 978
653 979
733 980
713 981
682 982
727 983
535 984
233 985
723 986
579 987
648 988
242 989
323 990
912 991
910 992
918 993
910 994
366 995
762 996
852 997
5 998
984 999
133 1000
0 504
1 837
1 50
0 841
1 291
1 269
1 331
1 217
0 454
0 338
1 946
0 641
0 826
0 652
1 70
1 980
0 889
0 70
0 426
1 882
1 3
0 999
0 877
0 717
1 946
0 905
1 538
1 789
1 303
0 541
1 904
0 155
0 298
1 987
0 754
1 648
0 236
1 965
1 63
0 901
0 263
0 308
1 874
1 284
1 723
1 265
0 283
1 565
0 194
1 285
1 394
0 289
0 853
0 552
1 538
1 458
1 516
1 308
1 419
1 664
1 201
0 226
0 5
0 772
0 220
1 531
1 163
1 327
1 270
1 759
1 749
1 595
1 409
0 608
1 363
1 448
1 182
0 919
1 368
0 247
1 509
1 221
0 716
0 857
1 216
1 858
1 592
0 328
0 751
1 248
0 604
1 292
1 564
1 960
1 851
0 158
0 31
1 107
0 245
0 272
0 729
0 705
1 83
1 25
0 765
0 605
1 662
0 980
0 905
0 790
0 527
0 106
1 161
1 894
0 31
1 882
0 627
0 197
0 462
1 895
1 491
0 797
0 975
1 121
1 176
1 168
0 314
1 866
1 715
0 580
0 536
1 545
0 558
1 773
0 258
0 425
1 185
0 74
1 793
0 866
0 214
0 566
0 278
1 902
1 549
1 55
1 930
0 948
0 264
1 753
1 862
0 375
0 368
0 236
1 931
1 895
1 621
0 200
0 538
0 766
1 824
0 783
0 692
0 924
1 763
0 353
1 483
0 386
1 222
0 521
1 86
1 889
1 987
0 422
0 775
1 74
1 995
0 626
1 303
1 415
0 6
1 750
0 207
0 400
1 573
1 99
1 960
1 511
1 723
0 305
1 531
1 307
1 878
0 306
0 786
0 767
1 577
0 303
0 444
1 131
0 429
0 817
1 547
1 193
1 426
0 800
0 128
1 296
0 194
0 230
1 357
1 867
0 309
0 724
0 353
0 722
0 516
1 259
0 718
1 527
1 306
1 827
1 917
1 754
1 501
0 863
1 432
1 668
0 64
0 358
1 246
1 670
0 340
0 225
1 426
0 1
0 41
0 163
1 243
1 367
0 313
0 275
1 107
1 472
1 652
0 35
1 500
0 637
1 532
0 836
0 933
1 976
1 593
1 527
0 17
1 169
0 437
1 652
1 215
1 721
1 161
0 653
0 441
0 137
1 924
0 83
1 265
0 227
0 514
1 695
0 830
0 559
1 266
0 425
0 555
1 102
0 381
1 3
1 527
0 73
0 29
0 798
1 285
1 2
0 370
0 683
0 837
1 121
1 790
1 82
1 319
1 815
0 442
1 334
0 638
0 566
1 470
0 182
1 201
1 590
1 267
0 235
1 251
0 616
0 731
1 888
0 252
0 949
1 879
1 156
0 532
0 111
0 551
1 801
1 806
1 565
1 468
0 480
1 986
0 523
0 25
0 242
1 720
1 7
0 252
0 695
0 819
1 371
0 440
0 649
1 723
1 65
1 62
1 393
0 265
1 170
1 118
0 944
0 861
0 45
1 226
1 86
0 186
1 773
0 82
1 829
0 256
1 90
0 599
1 950
0 840
1 477
0 284
1 490
0 858
0 183
1 871
1 698
0 601
1 986
0 244
0 958
1 261
0 166
0 649
0 296
1 567
1 708
1 650
1 577
0 656
0 686
1 717
1 537
1 553
0 452
0 686
0 963
0 123
1 567
1 371
0 350
1 95
0 616
0 520
0 916
0 590
0 593
1 716
0 589
1 881
1 690
1 856
0 604
1 809
0 12
0 702
1 936
1 999
1 936
0 790
1 403
1 268
0 768
1 74
0 597
0 129
1 172
0 882
0 257
1 287
1 469
0 320
1 550
1 879
0 748
0 245
0 310
0 698
0 515
1 185
1 842
0 161
1 34
1 725
0 666
1 885
1 3
0 275
1 16
1 759
1 253
0 476
0 53
1 472
1 883
0 760
0 930
1 193
0 669
0 64
1 624
1 348
1 900
1 838
1 391
0 472
0 562
1 91
1 361
0 127
0 423
1 431
1 711
1 474
0 732
0 676
0 290
1 890
1 586
0 714
1 722
1 249
0 427
1 234
1 337
1 942
0 351
0 735
1 168
1 347
1 199
0 87
1 576
0 74
0 292
0 757
0 473
0 10
0 616
0 602
0 678
1 949
1 947
0 278
1 758
0 165
0 246
0 667
0 442
1 193
0 35
1 41
1 5
0 667
0 850
0 402
0 158
1 861
1 68
0 942
1 983
0 430
1 634
0 823
0 49
0 616
1 230
0 325
0 285
1 261
1 31
1 978
1 723
1 884
1 385
0 999
1 397
1 976
1 906
1 195
1 684
1 696
0 93
1 426
1 945
1 55
1 554
1 659
0 116
0 836
1 170
0 135
1 175
0 186
1 390
0 168
0 811
1 504
0 576
0 998
1 849
1 81
0 856
1 579
1 417
1 637
0 383
1 312
0 126
1 4
1 255
1 741
0 367
1 417
1 927
0 563
1 693
0 491
1 506
1 132
0 435
0 317
0 809
1 417
1 392
1 391
1 835
0 866
1 878
1 105
1 507
0 536
1 406
1 782
1 801
1 477
0 881
1 54
1 855
0 26
1 175
1 97
0 260
0 335
1 970
1 842
1 867
0 542
0 739
1 161
1 964
0 231
0 403
0 935
1 561
0 451
0 554
1 972
1 233
1 29
1 371
0 203
0 119
0 411
0 669
1 36
0 867
1 729
0 241
0 648
0 791
1 229
0 418
1 584
0 707
0 730
0 823
1 29
0 16
1 417
1 650
0 623
1 311
0 858
1 980
0 833
0 426
1 591
0 213
0 899
1 224
0 577
1 592
0 366
1 52
0 207
0 28
0 499
1 391
0 957
0 363
0 795
0 256
1 545
0 373
0 903
1 594
0 215
1 797
1 544
0 717
1 278
0 954
0 671
0 195
0 351
1 14
1 829
0 588
1 588
1 417
0 155
1 128
1 29
1 878
1 434
0 619
0 148
1 972
0 123
1 499
0 826
0 869
0 799
1 187
0 31
0 570
1 895
1 971
0 428
0 675
1 252
1 196
0 19
1 243
0 712
0 656
0 565
1 977
1 930
0 86
1 522
1 766
0 812
1 954
0 147
0 829
1 279
1 418
0 74
0 717
1 812
1 704
0 784
1 352
0 68
1 910
0 5
0 911
0 369
0 204
1 763
1 427
1 874
1 276
0 146
0 300
0 265
1 790
1 467
1 556
1 655
0 786
1 224
0 428
0 990
0 236
1 146
0 781
0 157
0 338
0 257
1 640
1 398
1 999
0 271
1 805
1 875
1 779
1 260
1 558
1 811
1 407
1 330
0 468
1 704
0 309
1 473
0 199
1 996
1 164
1 955
0 249
1 542
1 775
0 192
1 651
1 552
1 751
0 930
1 486
0 324
1 843
0 425
1 867
0 801
0 838
1 71
1 658
1 930
1 968
0 140
0 589
0 142
0 923
0 130
1 757
1 112
0 286
1 778
0 859
0 703
0 660
0 980
1 679
0 630
1 285
1 825
0 219
1 260
0 643
1 91
1 504
1 756
0 813
1 218
0 519
0 509
1 38
0 888
1 961
1 970
0 631
1 862
1 174
0 971
0 391
0 348
0 736
1 456
1 457
0 3
0 144
1 892
1 605
1 293
0 622
0 46
1 836
0 627
0 412
0 633
1 336
1 661
0 132
1 173
1 833
0 460
0 644
0 162
0 736
1 714
0 952
1 323
0 390
1 936
1 591
0 192
1 141
1 454
1 724
1 786
0 373
0 390
0 397
0 537
0 463
0 528
0 438
0 720
1 820
0 157
1 398
0 247
0 374
1 216
0 616
0 479
0 373
1 119
1 299
0 104
0 530
1 909
0 928
0 957
0 871
0 19
1 594
0 854
1 323
1 585
0 376
1 924
1 689
1 601
0 252
1 864
0 178
0 67
1 775
0 107
0 453
0 9
1 186
1 294
0 213
1 683
1 781
0 738
1 930
0 715
1 626
1 63
0 813
1 170
1 834
0 96
0 848
0 183
1 301
1 109
0 827
0 918
1 86
1 527
1 183
1 414
1 252
1 735
1 893
1 216
0 417
1 782
1 399
0 974
0 710
1 549
0 485
1 200
1 555
1 237
0 120
1 848
0 226
1 728
0 194
1 903
0 12
0 133
1 611
0 901
0 978
0 686
0 308
0 987
0 196
1 212
0 206
1 699
0 205
1 992
1 762
1 862
1 68
1 715
0 762
1 428
1 115
1 454
0 262
1 110
0 98
1 402
0 368
0 670
0 403
0 817
1 191
0 677
1 576
0 578
1 350
0 491
1 783
1 39
1 301
1 753
1 348
1 249
0 573
1 978
1 150
1 25
0 904
0 476
1 720
1 537
0 142
0 810
0 793
1 80
0 968
1 877
0 898
0 704
0 848
1 717
1 94
0 643
0 677
1 36
1 796
1 728
0 410
1 18
0 958
0 481
1 456
